5559:   ./memory-user -b 1000 -t 30
         Adresse Zugr  Versatz Gerät  Inode   Size    Rss    Pss Referenced Anonymous LazyFree ShmemPmdMapped FilePmdMapped Shared_Hugetlb Private_Hugetlb Swap SwapPss Locked THPeligible Zuordnung
    561d8b02e000 r--p 00000000  08:03 532802      4      4      4          4         0        0              0             0              0               0    0       0      0           0 memory-user
    561d8b02f000 r-xp 00001000  08:03 532802      4      4      4          4         0        0              0             0              0               0    0       0      0           0 memory-user
    561d8b030000 r--p 00002000  08:03 532802      4      4      4          4         0        0              0             0              0               0    0       0      0           0 memory-user
    561d8b031000 r--p 00002000  08:03 532802      4      4      4          4         4        0              0             0              0               0    0       0      0           0 memory-user
    561d8b032000 rw-p 00003000  08:03 532802   oder das ??      4      4          4         4        0              0             0              0               0    0       0      0           0 memory-user
    561d8b9a6000 rw-p 00000000  00:00      0    132      4      4          4         4        0              0             0              0               0    0       0      0           0 [heap]
    7f7b89e75000 rw-p 00000000  00:00      0 { 976572 976568 976568     976568    976568 }  sind das unsere bytes ?         
    7f7bc5824000 r--p 00000000  08:03 140420    152    148     49        148         0        0              0             0              0               0    0       0      0           0 libc-2.32.so
    7f7bc584a000 r-xp 00026000  08:03 140420   1460    980     28        980         0        0              0             0              0               0    0       0      0           0 libc-2.32.so
    7f7bc59b7000 r--p 00193000  08:03 140420    304    164      4        164         0        0              0             0              0               0    0       0      0           0 libc-2.32.so
    7f7bc5a03000 ---p 001df000  08:03 140420      4      0      0          0         0        0              0             0              0               0    0       0      0           0 libc-2.32.so
    7f7bc5a04000 r--p 001df000  08:03 140420     12     12     12         12        12        0              0             0              0               0    0       0      0           0 libc-2.32.so
    7f7bc5a07000 rw-p 001e2000  08:03 140420     12     12     12         12        12        0              0             0              0               0    0       0      0           0 libc-2.32.so
    7f7bc5a0a000 rw-p 00000000  00:00      0     24     16     16         16        16        0              0             0              0               0    0       0      0           0 
    7f7bc5a24000 r--p 00000000  08:03 140204      4      4      1          4         0        0              0             0              0               0    0       0      0           0 ld-2.32.so
    7f7bc5a25000 r-xp 00001000  08:03 140204    144    144     14        144         0        0              0             0              0               0    0       0      0           0 ld-2.32.so
    7f7bc5a49000 r--p 00025000  08:03 140204     36     32      3         32         0        0              0             0              0               0    0       0      0           0 ld-2.32.so
    7f7bc5a52000 r--p 0002d000  08:03 140204      4      4      4          4         4        0              0             0              0               0    0       0      0           0 ld-2.32.so
    7f7bc5a53000 rw-p 0002e000  08:03 140204      8      8      8          8         8        0              0             0              0               0    0       0      0           0 ld-2.32.so
    7ffdfa049000 rw-p 00000000  00:00      0    132     12     12         12        12        0              0             0              0               0    0       0      0           0 [stack]
    7ffdfa1ab000 r--p 00000000  00:00      0     16      0      0          0         0        0              0             0              0               0    0       0      0           0 [vvar]
    7ffdfa1af000 r-xp 00000000  00:00      0      8      4      0          4         0        0              0             0              0               0    0       0      0           0 [vdso]
ffffffffff600000 --xp 00000000  00:00      0      4      0      0          0         0        0              0             0              0               0    0       0      0           0 [vsyscall]
                                             ====== ====== ====== ========== ========= ======== ============== ============= ============== =============== ==== ======= ====== =========== 
                                             979048 978132 976755     978132    976644        0              0             0              0               0    0       0      0           0 KB 
